9617,9608,9608,9608,9608,9608,9559,9617,9617,9608,9608,9608,9608,9608,9559,9617,9608,9608,9608,9608,9608,9608,9559,9617,9608,9608,9608,9608,9608,9608,9608,9559,9608,9608,9608,9608,9608,9608,9559,9617,0,
9608,9608,9556,9552,9552,9608,9608,9559,9608,9608,9556,9552,9552,9608,9608,9559,9608,9608,9556,9552,9552,9608,9608,9559,9608,9608,9556,9552,9552,9552,9552,9565,9608,9608,9556,9552,9552,9608,9608,9559,0,
9608,9608,9553,9617,9617,9562,9552,9565,9608,9608,9553,9617,9617,9608,9608,9553,9608,9608,9553,9617,9617,9608,9608,9553,9608,9608,9608,9608,9608,9559,9617,9617,9608,9608,9553,9617,9617,9608,9608,9553,0,
9608,9608,9553,9617,9617,9608,9608,9559,9608,9608,9553,9617,9617,9608,9608,9553,9608,9608,9553,9617,9617,9608,9608,9553,9608,9608,9556,9552,9552,9565,9617,9617,9608,9608,9553,9617,9617,9608,9608,9553,0,
9562,9608,9608,9608,9608,9608,9556,9565,9562,9608,9608,9608,9608,9608,9556,9565,9608,9608,9608,9608,9608,9608,9556,9565,9608,9608,9608,9608,9608,9608,9608,9559,9608,9608,9608,9608,9608,9608,9556,9565,0,
9617,9562,9552,9552,9552,9552,9565,9617,9617,9562,9552,9552,9552,9552,9565,9617,9562,9552,9552,9552,9552,9552,9565,9617,9562,9552,9552,9552,9552,9552,9552,9565,9562,9552,9552,9552,9552,9552,9565,9617,0,
0,0,
9608,9608,9608,9608,9608,9608,9559,9617,9608,9608,9559,9617,9617,9617,9608,9608,9559,0,
9608,9608,9556,9552,9552,9608,9608,9559,9562,9608,9608,9559,9617,9608,9608,9556,9565,0,
9608,9608,9608,9608,9608,9608,9574,9565,9617,9562,9608,9608,9608,9608,9556,9565,9617,0,
9608,9608,9556,9552,9552,9608,9608,9559,9617,9617,9562,9608,9608,9556,9565,9617,9617,0,
9608,9608,9608,9608,9608,9608,9574,9565,9617,9617,9617,9608,9608,9553,9617,9617,9617,0,
9562,9552,9552,9552,9552,9552,9565,9617,9617,9617,9617,9562,9552,9565,9617,9617,9617,0,
0,0,
9608,9608,9608,9608,9608,9608,9608,9559,9608,9608,9559,9608,9608,9608,9608,9608,9608,9559,9617,9617,9608,9608,9608,9608,9608,9608,9559,9617,9608,9608,9608,9608,9608,9608,9608,9559,9608,9608,9608,9608,9608,9608,9608,9608,9559,9608,9608,9608,9608,9608,9608,9608,9608,9559,0,
9608,9608,9556,9552,9552,9552,9552,9565,9608,9608,9553,9608,9608,9556,9552,9552,9608,9608,9559,9608,9608,9556,9552,9552,9552,9552,9565,9617,9608,9608,9556,9552,9552,9552,9552,9565,9562,9552,9552,9608,9608,9556,9552,9552,9565,9562,9552,9552,9608,9608,9556,9552,9552,9565,0,
9608,9608,9608,9608,9608,9559,9617,9617,9608,9608,9553,9608,9608,9553,9617,9617,9608,9608,9553,9608,9608,9553,9617,9617,9608,9608,9559,9617,9608,9608,9608,9608,9608,9559,9617,9617,9617,9617,9617,9608,9608,9553,9617,9617,9617,9617,9617,9617,9608,9608,9553,9617,9617,9617,0,
9608,9608,9556,9552,9552,9565,9617,9617,9608,9608,9553,9608,9608,9553,9617,9617,9608,9608,9553,9608,9608,9553,9617,9617,9562,9608,9608,9559,9608,9608,9556,9552,9552,9565,9617,9617,9617,9617,9617,9608,9608,9553,9617,9617,9617,9617,9617,9617,9608,9608,9553,9617,9617,9617,0,
9608,9608,9553,9617,9617,9617,9617,9617,9608,9608,9553,9608,9608,9608,9608,9608,9608,9556,9565,9562,9608,9608,9608,9608,9608,9608,9556,9565,9608,9608,9608,9608,9608,9608,9608,9559,9617,9617,9617,9608,9608,9553,9617,9617,9617,9617,9617,9617,9608,9608,9553,9617,9617,9617,0,
9562,9552,9565,9617,9617,9617,9617,9617,9562,9552,9565,9562,9552,9552,9552,9552,9552,9565,9617,9617,9562,9552,9552,9552,9552,9552,9565,9617,9562,9552,9552,9552,9552,9552,9552,9565,9617,9617,9617,9562,9552,9565,9617,9617,9617,9617,9617,9617,9562,9552,9565,9617,9617,9617,